RES ARG   938
ROT    1 mtt180       89   -67  180  180  180   -95  -35  150 -150  150 -150  150 -150     8    0    8    0    8    0   16    0
ROT    2 mtm-85       54   -67 -167  -65  -85   -95  -35  150 -150  -95  -35 -115  -55     9    0    8    0    8    0    8    0
ROT    3 mtt-85       53   -67  180  180  -85   -95  -35  150 -150  150 -150 -115  -55     7    0    8    0    8    0    8    0
ROT    4 mtm180       48   -67  180  -65  175   -95  -35  150 -150  -95  -35  145 -155     8    0   12    0    8    0   34   12
ROT    5 mtp180       45   -67  180   65 -175   -95  -35  150 -150   35   95  155 -145     7    0   14    0    8    0   14    0
ROT    6 mtt85        34   -67  180  180   85   -95  -35  150 -150  150 -150   55  115     7   18   10    0    8    0   10   18
ROT    7 ttp85        33  -177  180   65   85   155 -145  150 -150   35   95   55  115     9    0   12    0    8    0    9    0
ROT    8 ttt180       33  -177  180  180  180   155 -145  150 -150  150 -150  150 -150    10    0    8    0    7    0   10   32
ROT    9 ttm-85       28  -177  180  -65  -85   155 -145  150 -150  -95  -35 -115  -55     9    0   11    0   10    0    8    0
ROT   10 ttt-85       26  -177  180  180  -85   155 -145  150 -150  150 -150 -115  -55    10    0    9    0    9    0   10    0
ROT   11 ttp180       25  -177  180   65 -175   155 -145  150 -150   35   95  155 -145     9    0    8   14    8    0   30   12
ROT   12 mtp85        22   -67  180   65   85   -95  -35  150 -150   35   95   55  115     7    0   12    0    8    0    8    0
ROT   13 mmt-85       22   -62  -68  180  -85   -90  -30 -100  -40  150 -150 -115  -55     9    0    8    0   10    0    8    0
ROT   14 mmm-85       22   -62  -68  -65  -85   -90  -30 -100  -40  -95  -35 -115  -55     8    0    8    0   10    0    8    0
ROT   15 tpt85        20  -177   65  180   85   155 -145   35   95  150 -150   55 -115     9    0    7    0    9    0    9    0
ROT   16 ttt85        19  -177  180  180   85   155 -145  150 -150  150 -150   55  115     8    0    9    0    7    0    9    0
ROT   17 mmt180       18   -62  -68  180  180   -90  -30 -100  -40  150 -150  150 -150     8    0    8    0    6    0   30   18
ROT   18 ptt85        16    62  180  180   85    30   90  150 -150  150 -150   55  115     7    0    9    0    7    0   11    0
ROT   19 ptt180       16    62  180  180  180    30   90  150 -150  150 -150  150 -150    10    0    7    0   10    0   19    8
ROT   20 ptt-85       15    62  180  180  -85    30   90  150 -150  150 -150 -115  -55     9    0    8    0    7    0    9    0
ROT   21 tpt180       15  -177   65  180  180   155 -145   35   95  150 -150  150 -150     7    0    8   15    8    0   11    0
ROT   22 mtm105       15   -67  180  -65  105   -95  -35  150 -150  -95  -35   75  135     7    0    8    0    8    0   10    0
ROT   23 ttm180       13  -177  180  -65  175   155 -145  150 -150  -95  -35  145 -155     9    0    7    0    6    0   10    0
ROT   24 ptp180       11    62  180   65 -175    30   90  150 -150   35   95  155 -145     8    0    7  -16    5    0    8    0
ROT   25 tpp85        11  -177   65   65   85   155 -145   35   95   35   95   55  115     8    0    8    0    7    0    9    0
ROT   26 mmm180       11   -62  -68  -65  175   -90  -30 -100  -40  -95  -35  145 -155     8    0   10    0    6    0    8    0
ROT   27 ttm105       10  -177  180  -65  105   155 -145  150 -150  -95  -35   75  135    10    0    8   13    9    0    9    0
ROT   28 ttp-105       9  -177  180   65 -105   155 -145  150 -150   35   95 -135  -75     0    0    0    0    0    0    0    0
ROT   29 tpp180        8  -177   65   65 -175   155 -145   35   95   35   95  155 -145     0    0    0    0    0    0    0    0
ROT   30 mtp-105       7   -67  180   65 -105   -95  -35  150 -150   35   95 -135  -75     6    0   10    0    8    0    6   14
ROT   31 mmt85         7   -62  -68  180   85   -90  -30 -100  -40  150 -150   55  115     0    0    0    0    0    0    0    0
ROT   32 ptm180        6    62  180  -65  175    30   90  150 -150  -95  -35  145 -155     0    0    0    0    0    0    0    0
ROT   33 ptm-85        5    62  180  -65  -85    30   90  150 -150  -95  -35 -115  -55     0    0    0    0    0    0    0    0
ROT   34 ptp85         3    62  180   65   85    30   90  150 -150   35   95   55  115     0    0    0    0    0    0    0    0
RES LYS  1209
ROT    1 mttt        244   -67  180  180  180   -95  -35  150 -150  150 -150  150 -150     8    0    9    0    9    0   10    0
ROT    2 tttt        162  -177  180  180  180   155 -145  150 -150  150 -150  150 -150     8    0   10    0    9    0    7    0
ROT    3 mmtt         77   -62  -68  180  180   -90  -30 -100  -40  150 -150  150 -150     8    0    9    0    9    0    9    0
ROT    4 mttm         56   -67  180  180  -65   -95  -35  150 -150  150 -150  -95  -35     8    0    9    0   10    0   10    0
ROT    5 tttp         49  -177  180  180   65   155 -145  150 -150  150 -150   35   95     8    0    9    0   10    0    8    0
ROT    6 mttp         42   -67  180  180   65   -95  -35  150 -150  150 -150   35   95     9    0    7    0   10    0   11    0
ROT    7 mtmt         40   -67  180  -68  180   -95  -35  150 -150 -100  -40  150 -150     7    0    9    0    9    0    9    0
ROT    8 mtpt         38   -67  180   68  180   -95  -35  150 -150   40  100  150 -150     8    0   10    0   10    0   11    0
ROT    9 tttm         37  -177  180  180  -65   155 -145  150 -150  150 -150  -95  -35     7    0    9    0    9    0    8    0
ROT   10 tptt         32  -177   68  180  180   155 -145   40  100  150 -150  150 -150     4    0    3    0    1    0    1   12
ROT   11 pttt         29    62  180  180  180    30   90  150 -150  150 -150  150 -150     7    0   10    0    9    0    8    0
ROT   12 ttpt         25  -177  180   68  180   155 -145  150 -150   40  100  150 -150     9    0    9    0   13    0    8    0
ROT   13 ttmt         20  -177  180  -68  180   155 -145  150 -150 -100  -40  150 -150    10    0    8    0    7    0    9    0
ROT   14 mmtm         18   -62  -68  180  -65   -90  -30 -100  -40  150 -150  -95  -35    10    0    8    0    8    0   10    0
ROT   15 pttp         13    62  180  180   65    30   90  150 -150  150 -150   35   95     9    0    9    0    8    0    9    0
ROT   16 ttpp         12  -177  180   68   65   155 -145  150 -150   40  100   35   95     0    0    0    0    0    0    0    0
ROT   17 mtpp         12   -67  180   68   65   -95  -35  150 -150   40  100   35   95     7    0   10    0    8    0    6    0
ROT   18 mtmm         12   -67  180  -68  -65   -95  -35  150 -150 -100  -40  -95  -35     9    0    8    0    9    0    8    0
ROT   19 tptp         11  -177   68  180   65   155 -145   40  100  150 -150   35   95     0    0    0    0    0    0    0    0
ROT   20 mmmt         10   -62  -68  -68  180   -90  -30 -100  -40 -100  -40  150 -150     9    0    8    0    8    0   10    0
ROT   21 mmtp          9   -62  -68  180   65   -90  -30 -100  -40  150 -150   35   95     0    0    0    0    0    0    0    0
ROT   22 pttm          8    62  180  180  -65    30   90  150 -150  150 -150  -95  -35     0    0    0    0    0    0    0    0
ROT   23 ptpt          7    62  180   68  180    30   90  150 -150   40  100  150 -150     0    0    0    0    0    0    0    0
ROT   24 tptm          7  -177   68  180  -65   155 -145   40  100  150 -150  -95  -35     0    0    0    0    0    0    0    0
ROT   25 ptmt          5    62  180  -68  180    30   90  150 -150 -100  -40  150 -150     0    0    0    0    0    0    0    0
ROT   26 ttmm          5  -177  180  -68  -65   155 -145  150 -150 -100  -40  -95  -35     0    0    0    0    0    0    0    0    
ROT   27 mptt          4   -90   68  180  180  -120  -60   40  100  150 -150  150 -150     0    0    0    0    0    0    0    0
RES MET   550
ROT    1 mmm         105   -65  -65  -70   -95  -35  -95  -35 -100  -40     8    0    9    0   15   10
ROT    2 mtp          92   -67  180   75   -95  -35  150 -150   45  105     6    0    8    0   10    0
ROT    3 mtm          58   -67  180  -75   -95  -35  150 -150 -105  -45     9    0    8    0   12    0
ROT    4 mtt          43   -67  180  180   -95  -35  150 -150  150 -150     7    0   10    0    8   14
ROT    5 ttm          36  -177  180  -75   155 -145  150 -150 -105  -45     7    0    7    0   10    0
ROT    6 tpp          30  -177   65   75   155 -145   35   95   45  105     7    0   14    9   14   10
ROT    7 ttp          28  -177  180   75   155 -145  150 -150   45  105     7    0    7    0    8    0
ROT    8 mmp          15   -65  -65  103   -95  -35  -95  -35   75  135     6    0    7    0    7    0
ROT    9 ptm          17    62  180  -75    30   90  150 -150 -150  -45     5    0    6    0    6    0
ROT   10 ttt          17  -177  180  180   155 -145  150 -150  150 -150     5    0    6    0   12   18
ROT   11 ptp          12    62  180   75    30   90  150 -150   45  105    11    5   21    6    9    0
ROT   12 mmt          10   -65  -65  180   -95  -35  -95  -35  150 -150     9    0   11    0   15    0
ROT   13 tpt           9  -177   65  180   155 -145   35   95  150 -150     6    0    4    0    6    0
RES GLU  1470
ROT    1 mt-10       484   -67  180  -10   -95  -35  150 -150  -90   90     9    0   12    0   23   18
ROT    2 tt0         350  -177  180    0   155 -145  150 -150  -90   90    10    0   10    0   25    0
ROT    3 mm-40       197   -65  -65  -40   -95  -35  -95  -35  -90   30    10    0   10    0   15   26
ROT    4 tp10         91  -177   65   10   155 -145   35   95  -10   90    10    0   10    0   10   16
ROT    5 mp0          88   -65   85    0   -95  -35   55  115  -60   60    10    0    9    0   16   25
ROT    6 pt-20        80    62  180  -20    30   90  150 -150  -90   90    10    0   10    0   15   23
ROT    7 pm0          32    70  -80    0    40  100 -110  -50  -50   50    11    0   10    0   13    0
ROT    8 tm-20        17  -177  -80  -25   155 -145 -115  -55  -50   10     0    0    0    0    0    0
RES GLN   863
ROT    1 mt-30       304   -67  180  -25   -95  -35  150 -150  -90   90     8    0    7    0   29    0
ROT    2 tt0         140  -177  180    0   155 -145  150 -150  -90   90     6    0    6    0   52   11
ROT    3 mm-40       127   -65  -65  -40   -95  -35  -95  -35  -95    0     8    0   10    0   14   19
ROT    4 tp60         78  -177   65   60   155 -145   35   95    0   90     6    0    8    0   11   21
ROT    5 pt20         37    62  180   20    30   90  150 -150  -90   90     6    0    6    0    8    0
ROT    6 mp0          24   -65   85    0   -95  -35   55  115  -60   60     0    0    0    0    0    0
ROT    7 mm100        22   -65  -65  100   -95  -35  -95  -35    0  150     0    0    0    0    0    0
ROT    8 pm0          15    70  -75    0    45  105 -105  -45  -60   60     0    0    0    0    0    0
ROT    9 tp-100       14  -177   65 -100   155 -145   35   95 -150    0     0    0    0    0    0    0
RES ASP  2124
ROT    1 m-20       1088   -70  -15  -100  -40  -90   20     0    0    0    0
ROT    2 t0          438  -177    0   155 -145  -50   50    10    0   16    0
ROT    3 p-10        203    62  -10    30   90  -90    0     6    0   13   21
ROT    4 p30         194    62   30    30   90    0   90     9    0   28    0
ROT    5 t70         118  -177   65   155 -145   50   90     8    0   13    0
RES ASN  1490
ROT    1 m-20        580   -65  -20   -95  -35  -60   10     8    0   17    0
ROT    2 t30         228  -177   30   155 -145    0   80    11    0   23   17
ROT    3 t-20        177  -174  -20   155 -145 -120    0     3    0   11   26
ROT    4 p30         132    62   30    30   90    0   90     3    0    5    0
ROT    5 m-80        118   -65  -75   -95  -35 -100  -60     7    0    7    0
ROT    6 p-10        103    62  -10    30   90  -90    0     8    3   10    4
ROT    7 m120         58   -65  120   -95  -35   60  160     7    0    7   24
RES ILE  1667
ROT    1 mt          993   -65  170   -95  -35  140 -160     8    0    8    0
ROT    2 mm          242   -57  -60   -85  -25  -90  -30     8    0    7    0
ROT    3 pt          216    62  170    30   90  140 -160     7    0    7    0
ROT    4 tt          127  -177  165   155 -145  135 -165    13    8    8    0
ROT    5 tp           36  -177   66   155 -145   35   95    10    0    9    0
ROT    6 mp           19   -65  100   -95  -35   70  130     2    0    2    0
ROT    7 pp           10    62  100    30   90   70  130     0    0    0    0
RES LEU  2602
ROT    1 mt         1548   -65  175   -95  -35  150 -150     9    0    9    0
ROT    2 tp          750  -177   65   155 -145   35   95     8    0    7    0
ROT    3 mp           63   -85   65  -115  -55   45  105     8    0    8   12
ROT    4 tt           49  -172  145   160 -140  120  180     6    0    6    0
ROT    5 pp           21    62   80    30   90   50  110     0    0    0    0
RES HIS   598
ROT    1 m-70        174   -65  -70   -95  -35 -120  -30     9    0   20    0
ROT    2 t60          94  -177   60   155 -145   50  120    10    0   25    8
ROT    3 m80          78   -65   80   -95  -35   50  120     8    0   21   11
ROT    4 t-80         64  -177  -80   155 -145 -120  -50     8    0   12   28
ROT    5 p-80         51    62  -75    30   90 -120  -50     7    0    9    0
ROT    6 m170         44   -65  165   -95  -35  120 -160     8    0    8   20
ROT    7 p80          26    62   80    30   90   50  120    13    0    7    0
ROT    8 t-160        31  -177 -165   155 -145  150 -120    10    0   27    9
RES TRP   618
ROT    1 m95         195   -65   95   -95  -35   60  130     8    0   16    0
ROT    2 t90         109  -177   90   155 -145    0  100     7    0    9    0
ROT    3 t-105       100  -177 -105   155 -145 -130  -60    16   12   12    0
ROT    4 p-90         67    62  -90    30   90 -130  -60    12    7    7    0
ROT    5 m0           48   -65   -5   -95  -35  -40   20     7    0    9   26
ROT    6 p90          34    62   90    30   90   60  130    13    7    6    0
ROT    7 m-90         31   -65  -90   -95  -35 -130  -60     6    0   10    0
RES TYR  1443
ROT    1 m-85        618   -65  -85   -95  -35   50   90  -90  -50     8    0   16    0
ROT    2 t80         486  -177   80   155 -145   20   90  -90  -75     9    0   12    0
ROT    3 p90         182    62   90    30   90   60   90  -90  -60    10    0   10    0
ROT    4 m-30        124   -65  -30   -95  -35  -50    0    0   50     9    0   31    6 
RES PHE  1599
ROT    1 m-85        697   -65  -85   -95  -35   50   90  -90  -50     9    0   14    0
ROT    2 t80         522  -177   80   155 -145   20   90  -90  -75    11    0   11   18
ROT    3 p90         202    62   90    30   90   60   90  -90  -60     9    0    9    0
ROT    4 m-30        149   -65  -30   -95  -35  -50    0    0   50     7    0   14   21
RES THR  2447
ROT    1 p          1200    62    30   90     9    0
ROT    2 m          1062   -65   -95  -35     7    0
ROT    3 t           169  -175   155 -145    10    0
RES VAL  2649
ROT    1 t          1931   175   145 -155     4    0
ROT    2 m           526   -60   -90  -30     5    0
ROT    3 p           169    63    35   95     8    0
RES SER  2498
ROT    1 p          1201    62    30   90     7    0
ROT    2 m           714   -65   -95  -35     6    0
ROT    3 t           541  -177   155 -145     7    0
RES CYS   285
ROT    1 m           142   -65   -95  -35    15    5
ROT    2 t            74  -177   155 -145    12    5
ROT    3 p            64    62    30   90    22    3
